{
    "thyaw": 0,
    "throll": 0,
    "thpitch": -0.558,
    "xc": 0,
    "yc": 0,
    "zc": 7.20,
    "f": 0.003,
    "sw": 0.00498,
    "sh": 0.00374,
    "U": 3840,
    "V": 2160,
    "lines": [
        {
            "id": 1,
            "x1": 0.5,
            "y1": 13,
            "x2": -2.5,
            "y2": 13.41
        },
        {
            "id": 2,
            "x1": 0.5,
            "y1": 8,
            "x2": 4.6,
            "y2": 10.91
        }
    ]
}


